178 75 M
1 11 14
1 13 2
2 5 2
2 6 -4
2 12 2
2 18 2
2 19 -4
3 3 8
3 4 2
3 6 -4
3 13 2
3 20 -2
3 22 4
4 2 -8
4 4 -2
4 5 2
4 12 -2
4 15 2
4 16 4
5 3 4
5 8 2
5 9 2
5 10 -8
5 32 2
6 2 -2
6 7 4
6 8 -2
7 9 4
7 37 -2
7 44 2
7 53 -2
8 9 -2
8 40 2
8 57 2
9 1 4
9 13 -2
9 23 2
9 24 2
9 26 4
10 1 -4
10 4 -2
10 14 -2
10 23 2
10 24 2
10 27 4
10 28 -4
10 33 -8
11 1 -4
11 17 2
11 42 -2
11 50 2
11 52 -2
11 54 4
12 11 -14
12 13 -2
12 16 4
12 22 2
12 48 -2
12 49 2
13 1 4
13 14 -2
13 22 -2
13 50 2
14 1 4
14 13 2
14 15 -2
14 16 4
14 21 2
14 50 -2
14 52 -2
14 53 -2
15 1 4
15 20 -2
15 36 2
15 37 -2
15 54 2
16 2 -4
16 12 2
16 13 2
17 11 -14
17 12 2
18 17 2
18 19 4
18 20 2
18 22 -4
19 12 2
19 18 2
19 19 -4
20 3 -8
20 13 2
20 14 -2
20 15 -2
20 21 -2
20 22 4
21 2 -8
21 13 -2
21 15 -2
21 16 -4
21 17 -2
21 18 -2
22 23 2
22 24 -2
22 25 4
23 4 -2
23 23 2
23 25 -2
23 27 -4
23 64 -2
24 17 -2
24 30 4
24 31 -4
24 48 -2
24 64 2
25 20 -2
25 22 4
25 32 4
25 37 -2
25 38 -2
26 20 2
26 32 4
26 44 -2
26 53 -2
26 63 -2
26 72 2
27 18 -2
27 37 2
27 44 -2
27 57 4
28 11 -28
28 12 2
28 19 4
28 39 2
28 49 -2
28 51 2
29 17 -2
29 39 2
29 50 2
29 52 -2
30 12 -2
30 18 2
30 39 -2
30 40 8
30 53 2
31 19 -4
31 39 -2
31 53 -2
32 13 2
32 16 4
32 37 2
32 46 -2
33 9 -4
33 14 -2
33 38 2
33 44 2
33 47 4
34 8 -4
34 16 4
34 37 2
34 44 2
34 45 4
35 13 -2
35 15 -2
35 38 -2
35 46 -2
36 7 -8
36 12 2
36 44 2
36 45 4
36 46 2
37 10 8
37 21 2
37 36 -2
37 45 -2
38 39 -2
38 42 2
38 47 4
39 1 2
39 14 -2
39 36 -2
39 60 -2
39 63 -2
40 1 4
40 20 2
40 24 2
40 27 4
40 29 -2
40 34 -2
40 48 2
40 50 2
40 62 4
40 64 -2
41 12 -2
41 13 -2
41 15 2
41 34 -2
41 37 -2
41 38 2
41 52 -2
41 67 2
41 68 -2
41 69 -2
42 24 -2
42 48 2
42 64 -2
42 67 -2
42 68 -2
42 71 4
43 38 2
43 51 2
43 66 -2
43 68 -2
43 70 -2
44 50 -2
44 54 2
44 65 4
44 70 -2
44 72 2
45 12 2
45 21 2
45 29 2
45 32 4
45 49 2
45 53 2
45 71 -4
45 72 -2
46 24 2
46 35 4
46 37 2
46 38 -2
46 49 -2
46 64 2
46 69 -2
47 32 -4
47 36 -2
47 50 -2
47 60 -4
47 63 -2
47 72 -2
48 13 2
48 15 2
48 17 -2
48 61 2
48 65 4
48 70 4
49 30 -4
49 51 2
49 61 2
49 62 -4
49 69 2
50 21 -2
50 42 2
50 43 8
50 61 2
50 72 -2
51 17 2
51 46 2
51 61 -2
51 63 2
52 18 -2
52 29 -2
52 39 -2
52 42 -2
52 49 2
52 61 2
53 33 -2
53 35 2
53 46 2
54 4 2
54 13 -2
54 20 2
54 26 4
54 29 2
54 49 2
54 64 -2
54 65 4
54 66 2
55 4 2
55 23 -2
55 29 2
55 35 4
55 36 2
55 63 -2
56 20 -2
56 28 4
56 29 2
56 48 -2
56 49 -2
56 60 4
56 62 4
56 64 -2
57 2 4
57 3 -4
57 9 2
58 7 -2
58 10 4
59 2 -2
59 3 -4
59 32 2
60 32 2
61 6 -4
61 14 -2
61 24 -2
61 26 -4
61 34 -2
61 48 -2
62 4 2
62 13 -2
62 16 4
62 24 -2
62 25 -4
62 33 -8
62 34 -2
62 48 2
63 6 4
63 13 2
63 16 4
63 23 -2
63 34 2
63 49 2
63 50 2
64 5 2
64 15 -2
64 23 -2
64 34 2
64 51 2
64 52 2
65 4 -2
65 6 -4
65 22 -4
65 23 -2
65 24 -2
65 48 2
65 49 2
65 50 -2
66 5 2
66 6 4
66 21 2
66 26 -4
66 49 -2
66 51 -2
66 53 2
67 5 2
67 26 4
67 30 4
67 42 -2
67 49 -2
67 69 2
68 2 4
68 5 -2
68 23 2
68 37 2
68 54 2
68 67 -2
69 4 2
69 5 2
69 23 2
69 27 -4
69 34 2
69 52 -2
69 54 -4
69 69 -2
70 9 -4
70 14 -2
70 36 -2
70 38 -2
70 52 -2
70 54 -4
71 12 -2
71 21 -2
71 47 -4
72 12 -2
72 22 4
72 44 -2
72 46 2
73 20 2
73 50 2
73 52 2
73 53 -2
74 11 -14
74 22 2
74 48 2
74 51 -2
75 22 -2
75 52 -2
76 2 4
76 15 2
76 52 2
76 54 -2
77 9 2
77 55 2
78 55 -2
79 7 -4
79 8 2
79 55 -2
80 7 4
80 56 -4
80 57 2
81 32 -2
82 20 -2
82 22 -4
82 33 -4
82 34 2
83 5 -2
83 20 -2
83 23 -2
83 26 4
83 36 -2
83 67 2
83 71 4
84 36 2
84 44 -2
84 47 4
84 52 -2
85 4 -2
85 5 2
85 18 -2
85 44 -2
85 74 -2
86 2 4
86 15 -2
86 31 -2
86 33 -4
86 44 -2
86 67 2
87 31 -2
87 71 2
88 5 -2
88 6 4
89 4 -2
89 6 4
89 12 2
89 37 -2
89 38 -2
90 9 -2
90 55 2
91 2 4
91 8 -2
91 9 2
91 40 4
91 75 -2
92 17 2
92 19 4
92 37 -2
92 38 -2
93 13 2
93 18 -2
93 19 4
94 11 14
94 39 2
95 40 -4
96 9 -4
96 14 2
96 37 -2
96 42 2
96 53 -2
96 74 -2
97 40 -4
97 43 -4
98 2 4
98 8 2
98 57 2
98 75 2
99 17 2
99 44 -2
99 74 -2
100 57 2
101 18 -2
101 21 2
101 42 -2
101 53 -2
102 10 8
102 32 2
102 43 4
102 75 2
103 12 -2
103 31 -4
103 48 2
103 51 2
103 52 -2
104 12 -2
104 31 2
104 49 -2
104 53 -2
105 31 -2
105 51 2
106 21 2
106 28 -4
106 31 4
106 47 -4
106 51 2
106 69 -2
107 2 2
108 3 4
109 2 -2
110 55 -2
110 57 2
111 7 -2
111 56 2
112 7 2
112 56 -2
113 10 4
113 56 -2
114 4 2
114 23 2
114 24 -2
114 25 4
114 27 4
114 48 -2
114 59 -8
114 66 2
115 25 2
115 59 4
116 4 2
116 14 2
116 26 -2
116 29 -2
116 60 -2
117 13 -2
117 15 -2
117 31 4
117 48 -2
117 51 -2
117 66 -2
117 69 2
117 70 4
118 4 2
118 13 -2
118 15 2
118 25 -4
118 35 -4
118 64 2
118 67 -2
118 68 2
119 54 -2
119 66 -2
119 69 2
119 70 -2
120 21 2
120 29 2
120 31 -2
120 72 -2
121 21 2
121 28 -4
121 36 2
121 68 2
121 71 4
122 12 2
122 29 -2
122 39 2
122 47 4
122 51 2
122 73 4
123 15 -2
123 41 -4
123 44 2
123 74 -2
123 75 4
124 34 -2
124 46 -2
124 49 -2
124 67 2
125 15 -2
125 20 2
125 53 -2
126 12 2
126 18 -2
126 34 -2
126 35 4
126 44 2
126 74 -2
127 18 2
127 20 2
127 46 2
127 74 2
128 21 -2
128 60 -4
128 61 -2
128 73 -4
129 50 -2
129 54 -2
130 21 2
130 36 -2
130 46 2
130 52 -2
131 36 -2
131 42 2
131 50 2
131 74 -2
132 24 -2
132 27 -4
132 50 2
132 52 2
132 67 2
132 68 2
133 24 -2
133 34 -2
133 49 -2
133 50 -2
133 62 -4
133 65 -4
133 66 4
134 13 -2
134 14 2
134 29 -2
134 34 -2
134 53 2
134 63 2
134 67 2
135 24 -2
135 48 2
135 59 -4
135 64 2
135 66 -2
136 17 -2
136 24 -2
136 30 4
136 67 -2
136 68 -2
137 14 2
137 17 -2
137 42 2
138 7 8
138 18 2
138 37 -2
138 41 4
138 46 -2
138 55 -4
139 8 4
139 12 -2
139 13 -2
139 35 4
139 38 -2
139 45 -4
139 51 2
139 67 -2
140 38 -2
140 63 2
140 65 4
140 70 -2
141 51 2
141 62 4
141 63 -2
141 64 -2
141 68 2
142 8 -4
142 13 -2
142 38 -2
142 41 -4
142 61 2
142 63 -2
143 39 -2
143 41 4
143 45 4
144 55 4
145 12 2
145 38 -2
145 57 4
145 74 2
146 39 -2
146 72 2
146 73 -4
147 32 2
148 38 -2
148 39 -2
148 55 4
148 74 2
149 7 4
149 32 -2
149 40 -4
149 75 2
150 12 -2
150 61 -2
150 73 4
151 43 -4
152 7 4
152 75 2
153 56 4
153 75 2
154 7 2
154 56 2
154 58 8
155 7 2
155 56 -2
156 12 2
156 44 -2
156 48 -2
156 68 -2
156 69 -2
156 71 4
157 46 -2
157 48 2
157 68 -2
157 69 -2
158 70 -2
159 47 -2
159 60 2
159 72 2
160 12 2
160 39 2
160 61 -2
160 72 2
161 70 2
162 51 -2
162 71 2
163 13 -2
163 41 4
163 45 4
164 45 -4
164 63 2
164 73 -4
164 74 2
164 75 -4
165 8 -2
165 55 -2
165 56 4
166 8 -2
166 58 -16
166 75 2
167 55 -2
167 57 -2
168 55 -2
169 4 -2
169 14 2
169 15 -2
169 17 2
169 20 -2
169 34 -2
169 38 2
169 50 2
169 54 -2
169 63 -2
169 64 2
169 65 2
169 66 2
169 67 -2
169 74 2
170 5 -4
170 6 -2
170 16 2
170 18 -4
170 19 -2
170 20 4
170 34 4
170 37 -4
170 49 -4
170 53 4
171 1 2
171 4 -2
171 14 2
171 15 2
171 16 -2
171 17 2
171 20 2
171 22 2
171 23 -2
171 24 -2
171 33 -2
171 34 2
171 37 2
171 44 2
171 46 -2
171 48 -2
171 52 -2
172 1 2
172 14 4
172 21 -4
172 26 -2
172 28 -4
172 29 4
172 36 -4
172 42 -4
172 47 2
172 60 2
173 23 -4
173 24 4
173 25 4
173 27 -4
173 33 -2
173 34 -4
173 35 -2
173 59 -2
173 67 -4
174 23 2
174 24 2
174 26 -2
174 28 2
174 29 2
174 30 2
174 31 2
174 48 2
174 49 2
174 51 2
174 64 2
174 66 2
174 67 2
174 69 2
174 71 2
175 7 -4
175 8 -8
175 10 -2
175 41 8
175 45 -8
175 56 -4
175 58 2
175 75 8
176 35 2
176 36 -2
176 37 -2
176 38 2
176 41 -2
176 44 -2
176 45 2
176 46 -2
176 63 2
176 67 -2
176 68 2
176 74 2
177 29 4
177 60 -4
177 61 4
177 62 2
177 63 4
177 65 -2
177 72 4
177 73 2
178 27 -2
178 28 -2
178 30 -2
178 62 4
178 64 4
178 66 4
178 68 -4
178 69 4
0 0 0
