760 54 M
2 1 -14
2 2 2
3 1 14
3 3 -2
4 1 14
4 4 -2
5 1 28
5 2 -2
5 3 2
5 5 -2
5 6 2
5 7 -4
6 1 14
6 6 -2
6 8 2
6 9 -2
7 1 -14
7 4 2
7 5 -2
7 8 2
7 9 2
7 10 4
21 2 -2
21 4 2
21 11 4
23 2 2
23 3 -2
23 12 2
23 13 8
23 14 -2
24 2 -2
24 15 2
24 16 -2
24 17 4
24 18 -2
25 2 2
25 4 -2
25 6 2
25 15 2
25 19 -2
25 20 -4
25 21 -4
25 22 4
26 2 2
26 6 2
26 8 2
26 23 4
26 24 -2
27 2 2
27 5 -2
27 12 -2
27 25 -4
27 26 2
27 27 -2
27 28 4
27 29 -2
28 2 -2
28 9 4
28 30 -2
28 31 2
29 2 -2
29 14 2
29 20 -4
29 31 2
29 32 -2
29 33 -2
30 2 -2
30 10 4
30 11 -8
30 18 2
30 34 2
30 35 2
31 2 -2
31 5 2
31 12 2
31 23 2
32 2 -2
32 29 2
32 36 -4
33 2 2
33 3 -2
33 26 -2
33 37 2
34 2 -2
34 4 2
34 15 2
34 16 2
34 19 -2
34 24 2
34 33 2
34 34 2
34 38 -2
34 39 -2
35 2 -2
35 3 2
35 6 2
35 27 -2
35 36 -4
35 40 -4
36 2 2
36 22 4
36 30 -2
36 31 -2
36 41 8
37 2 -2
37 8 -2
37 25 -4
37 31 -2
37 38 2
37 39 2
38 2 -2
38 37 2
38 40 4
39 2 2
39 15 -2
39 32 -2
39 42 -4
40 2 -2
40 7 4
40 14 -2
40 17 -4
40 35 -2
41 2 2
41 7 -4
41 14 2
53 3 -2
53 24 2
53 43 -2
53 44 -2
56 3 2
56 7 -4
56 12 2
58 3 2
58 15 -2
58 32 -2
58 45 4
59 3 -2
59 26 2
59 40 4
60 3 -2
60 36 -4
60 46 2
61 3 -2
61 22 -4
61 47 4
62 3 -2
62 5 2
62 14 2
62 27 -2
62 37 2
62 46 -2
77 4 2
77 10 -4
77 12 -2
77 24 -2
77 29 2
77 34 2
77 43 -2
77 48 -4
78 4 -2
78 8 2
78 10 -4
78 18 2
78 33 -2
78 49 -4
78 50 2
78 51 -8
79 4 -2
79 5 2
79 18 2
79 27 2
79 52 -2
79 53 -4
79 54 -4
80 4 2
80 5 2
80 10 -4
80 17 4
80 33 2
80 43 2
81 4 -2
81 7 4
81 14 -2
82 4 2
82 15 -2
82 21 -4
82 37 -2
82 47 4
83 4 -2
83 15 2
83 30 -2
83 34 2
84 4 -2
84 48 -4
84 50 -2
84 54 -4
85 4 -2
85 34 2
85 37 -2
85 44 -2
85 53 4
86 4 2
86 10 -4
86 16 2
86 30 -2
87 4 2
87 22 4
87 47 -4
88 4 -2
88 18 2
88 19 -2
88 20 4
88 34 -2
88 39 -2
88 49 -4
88 52 2
89 4 -2
89 10 4
89 11 8
89 14 2
89 34 2
89 44 2
90 4 -2
90 6 -2
90 8 -2
90 23 -4
90 34 2
90 38 -2
91 4 2
91 12 -2
91 19 -2
91 27 2
91 33 2
92 4 -2
92 9 4
92 29 2
92 34 -2
93 4 2
93 9 -4
93 17 -4
93 18 2
105 5 -2
105 8 -2
105 9 -4
105 17 4
105 18 2
105 43 2
105 50 -2
108 5 -2
108 6 -2
108 12 2
108 17 4
108 29 2
108 35 -2
108 54 4
110 5 2
110 19 -2
110 30 2
110 33 2
111 5 -2
111 33 -2
111 43 -2
111 50 2
111 53 4
112 5 2
112 35 2
112 38 2
112 46 2
112 54 4
113 5 -2
113 15 2
113 16 2
113 20 -4
113 38 2
113 50 -2
113 52 2
114 5 -2
114 8 -2
114 27 2
114 52 -2
128 6 2
128 23 2
129 6 2
129 24 2
129 33 2
129 34 2
129 35 -2
131 6 -2
131 25 -2
132 6 2
132 15 -2
132 39 2
133 6 -2
133 39 2
133 52 2
134 6 -2
134 23 4
134 29 -2
134 36 -4
134 38 -2
135 6 2
135 37 2
135 38 -2
142 7 -4
142 15 2
142 16 -2
142 44 -2
143 7 4
143 9 -4
143 44 2
157 8 2
157 17 4
157 33 2
157 50 -2
157 54 -4
159 8 2
159 19 -2
159 25 -4
159 39 2
159 50 2
159 52 -2
160 8 -2
160 50 -2
160 52 -2
161 8 2
161 30 -2
161 38 2
161 39 2
162 8 -2
162 23 4
162 44 2
162 52 2
163 8 -2
163 18 2
163 49 4
163 50 2
164 8 2
164 27 -2
164 33 -2
164 43 2
164 48 -4
164 50 -2
164 52 -2
171 9 -2
171 24 2
172 9 4
172 15 -2
172 16 2
172 28 4
173 9 -4
173 33 -2
173 51 4
175 9 2
175 43 2
175 48 -4
182 10 -4
182 16 2
182 21 4
182 22 -4
182 31 2
189 11 2
190 11 -2
191 11 4
191 21 2
191 42 -2
192 11 2
192 28 -2
193 11 4
193 19 -2
193 23 -2
193 31 2
193 34 -2
193 51 4
194 11 -2
194 21 -2
194 41 -4
195 11 4
195 13 -4
195 21 -2
196 11 -4
197 11 4
197 24 -2
197 34 2
198 11 4
198 16 -2
198 19 2
198 35 -2
211 12 -2
211 24 2
211 43 2
214 12 2
214 34 -2
215 12 -2
215 16 -2
215 31 2
216 12 -2
216 26 2
216 28 -4
216 31 -2
217 12 2
217 16 2
217 32 2
217 46 -2
218 12 2
218 14 -2
218 29 -2
218 46 2
224 13 -4
226 13 4
226 28 -2
226 41 -4
227 13 2
227 42 2
228 13 4
243 14 2
243 30 -2
243 32 -2
244 14 2
244 16 2
244 30 2
244 41 -8
244 45 -4
244 47 -4
245 14 -2
245 18 2
245 31 2
245 32 2
245 35 2
246 14 2
246 16 2
246 31 -2
246 42 4
258 15 2
258 31 -2
258 36 4
262 15 -2
262 53 4
263 15 2
263 24 -2
278 16 2
278 48 4
286 17 4
286 35 2
301 18 -2
301 27 2
301 54 -2
302 18 -2
302 48 4
302 50 -2
302 51 -8
303 18 2
303 20 -4
303 27 2
304 18 -2
304 24 2
304 33 -2
304 35 2
304 38 -2
305 18 -2
305 49 -2
305 52 -2
317 19 2
317 24 2
317 39 -2
317 43 2
317 50 2
320 19 2
320 39 -2
320 44 -2
320 50 -2
322 19 -2
322 25 4
322 35 -2
322 54 4
333 20 2
333 30 -2
333 51 2
344 21 -2
344 28 -2
346 21 2
346 41 4
346 45 -2
347 21 2
347 45 2
348 21 2
356 22 4
356 32 2
356 40 4
357 22 2
357 29 2
367 23 -2
367 26 2
367 27 -2
367 29 -2
368 23 -2
368 25 2
383 24 -2
383 29 2
383 30 2
384 24 -2
384 43 2
384 44 -2
384 46 -2
384 48 4
385 24 2
385 31 2
385 36 4
393 25 4
393 29 -2
393 39 2
405 26 2
405 43 -2
405 53 -4
407 26 -2
407 28 4
407 43 -2
410 26 2
410 29 2
410 37 -2
410 46 -2
411 26 -2
411 36 -2
437 28 -2
439 28 2
440 28 -2
441 28 2
456 29 2
456 37 2
456 40 -4
471 30 2
471 37 -2
471 44 -2
486 31 -2
486 32 2
486 34 -2
486 47 4
487 31 2
487 32 2
487 44 2
499 32 2
499 43 -2
499 46 -2
576 38 2
609 41 4
609 42 2
610 41 -2
611 41 -2
612 41 -4
613 41 -2
614 41 -2
615 41 2
625 42 -2
625 45 -2
628 42 2
628 45 -2
629 42 -2
644 43 2
659 44 -2
659 46 -2
668 45 -2
671 45 2
673 45 2
674 45 2
675 45 4
704 48 -2
711 49 -4
711 50 -2
713 49 2
0 0 0
